# Reference trajectory for the Tanks and Temples Barn sequence.
# TUM format: timestamp(=image frame id) tx ty tz qx qy qz qw
# Poses come from a COLMAP SfM reconstruction of the 410 Barn frames, so
# they carry an arbitrary but self-consistent scale -- ATE is evaluated
# with Sim(3) Umeyama alignment.
1 3.226614065 0.146395813 0.727030195 -0.002616067 0.858940559 -0.049035423 -0.509715411
2 3.274928686 0.143476475 0.647140624 -0.003724587 0.858845531 -0.048669390 -0.509903689
3 3.320597994 0.128239394 0.554904615 -0.004692673 0.858826456 -0.048394490 -0.509953990
4 3.370969506 0.116308425 0.482807020 -0.006160019 0.856092608 -0.049181188 -0.514440192
5 3.392316034 0.107517316 0.371745892 -0.003891277 0.824823940 -0.049099205 -0.563240264
6 3.413054187 0.100360044 0.244115973 0.001208197 0.778053597 -0.045176490 -0.626570207
7 3.405219266 0.095496858 0.127216571 0.001350390 0.773432363 -0.042831460 -0.632428670
8 3.387554317 0.096083345 0.035856368 0.001077043 0.771157527 -0.041582828 -0.635284012
9 3.443653715 0.104916650 0.018515147 0.003216903 0.751661936 -0.040476976 -0.658297501
10 3.566314740 0.109316417 0.077254430 0.009021798 0.740836842 -0.035711727 -0.670674328
11 3.646275199 0.108258433 0.125142536 0.010002161 0.736838029 -0.034352831 -0.675121884
12 3.641527701 0.113967669 0.267310093 0.014738264 0.718039117 -0.031381376 -0.695138705
13 3.568190246 0.104885789 0.396811080 -0.018485482 -0.699173905 0.028440267 0.714146546
14 3.514075374 0.114914398 0.539639503 -0.019226716 -0.695747468 0.027027865 0.717520235
15 3.436097637 0.127346863 0.659547646 -0.019343477 -0.695037114 0.024594391 0.718292667
16 3.353038032 0.146249454 0.804871645 -0.019195877 -0.695037018 0.023224023 0.718342333
17 3.242716196 0.155182438 0.926539307 -0.019393039 -0.696459924 0.020751492 0.717033374
18 3.165696947 0.173916039 1.087251933 -0.019516902 -0.699848298 0.018976259 0.713772620
19 3.074736025 0.190191531 1.252417254 -0.019873317 -0.701975565 0.016734280 0.711727000
20 2.954692440 0.212245424 1.372243027 -0.020564961 -0.703232168 0.013501921 0.710534516
21 2.821641085 0.229127983 1.507588029 0.019763323 0.720994794 -0.011574211 -0.692561879
22 2.672939284 0.231004300 1.600447217 0.017361615 0.729245909 -0.010105254 -0.683956769
23 2.556053499 0.234922401 1.731507879 0.015403100 0.732543528 -0.010913315 -0.680458393
24 2.432322834 0.233423292 1.872957843 0.014033447 0.735142231 -0.011696591 -0.677666697
25 2.329029050 0.229136775 1.997506956 0.010799731 0.764562516 -0.012583949 -0.644336224
26 2.232368227 0.221235339 2.096168287 0.004331619 0.803526429 -0.012140170 -0.595129507
27 2.135841090 0.216850274 2.121869399 -0.001743415 0.841597366 -0.010974336 -0.539991109
28 2.067630484 0.211694390 2.135101559 -0.014854698 0.904734477 -0.013818331 -0.425492558
29 2.048549060 0.215826540 2.191973903 -0.030508595 0.964133788 -0.016925618 -0.263113642
30 1.974368879 0.211342885 2.261614749 -0.039138998 0.987219518 -0.019011731 -0.153311174
31 1.928199342 0.216771262 2.336184986 -0.043303042 0.995516568 -0.021705548 -0.081243325
32 1.878463984 0.220843439 2.400207846 -0.041748312 0.996621235 -0.024815299 -0.066237407
33 1.865013844 0.226746498 2.443209112 -0.038615991 0.996954200 -0.025045754 -0.062959026
34 1.794970454 0.232518027 2.487360279 -0.034139621 0.997187242 -0.023955146 -0.062275528
35 1.754949716 0.237998840 2.585382924 -0.030183812 0.997602307 -0.022048998 -0.058244453
36 1.712928881 0.239232050 2.681601119 -0.026963727 0.998092284 -0.020297093 -0.051698911
37 1.690521266 0.243395771 2.772966837 -0.024320351 0.998411688 -0.018593079 -0.047296087
38 1.611383670 0.212206203 2.830058137 -0.021216951 0.998409048 -0.015079744 -0.050018144
39 1.480956485 0.202670350 2.810552504 -0.015888391 0.996248790 -0.016381204 -0.083471938
40 1.370790169 0.201075471 2.843498391 -0.013191623 0.995427964 -0.025095586 -0.091210530
41 1.306957588 0.185145440 2.938630737 -0.012859850 0.994757525 -0.036695613 -0.094580776
42 1.199042578 0.203748435 3.063666668 -0.010699922 0.994409619 -0.035254874 -0.098955120
43 1.079074580 0.202608083 3.211759508 -0.009422656 0.994149973 -0.033727970 -0.102173722
44 0.947414764 0.170310671 3.297977802 -0.008395994 0.993962448 -0.035028825 -0.103639471
45 0.828066095 0.150307496 3.392904394 -0.008560129 0.993717241 -0.039484621 -0.104373055
46 0.686863475 0.149894263 3.465732068 -0.009552494 0.995539969 -0.042768721 -0.083544940
47 0.537186649 0.155475231 3.553605973 -0.009885542 0.996315175 -0.044086855 -0.072901972
48 0.381591054 0.155059479 3.640483558 -0.009745908 0.996255580 -0.046823902 -0.072023325
49 0.227559517 0.165191300 3.680725282 -0.009428102 0.996427951 -0.044815251 -0.070950988
50 0.101116894 0.186038663 3.761044243 -0.010476324 0.998040069 -0.042395887 -0.044820273
51 -0.003386015 0.183747070 3.915480793 -0.014303906 0.999018012 -0.041685549 0.004552548
52 -0.104308151 0.198429439 4.047722535 -0.015168454 0.998706859 -0.039525761 0.028146801
53 -0.214772367 0.195844122 4.139923701 -0.017140539 0.997180423 -0.036804940 0.063109449
54 -0.358523932 0.203292103 4.226875798 -0.017963723 0.995525677 -0.032916468 0.086731991
55 -0.506279006 0.206252403 4.296393605 -0.018988655 0.993471557 -0.029366747 0.108587707
56 -0.655498950 0.207967051 4.316007031 -0.020936138 0.989944379 -0.019821616 0.138487932
57 -0.837841673 0.192922802 4.322036330 -0.023235390 0.984882878 -0.012748626 0.171182087
58 -0.989331976 0.168439472 4.272725488 -0.024397965 0.984123415 -0.005585547 0.175711822
59 -1.169871239 0.134529444 4.234928199 -0.024204426 0.984372207 -0.002555744 0.174410356
60 -1.330789977 0.103194122 4.204554102 -0.022632134 0.985829333 -0.002255272 0.166202367
61 -1.488316632 0.084668240 4.172158039 -0.022431988 0.986806063 0.000136016 0.160345195
62 -1.664608040 0.066177472 4.123589004 -0.022363189 0.986683853 0.003873575 0.161058551
63 -1.797015984 0.060609270 4.101816036 -0.025224890 0.980256630 0.009753694 0.195871157
64 -1.938476593 0.044457811 4.084816963 -0.031908266 0.971612171 0.021050274 0.233470637
65 -2.085859913 0.040073437 4.032343446 -0.040131309 0.953796649 0.027911697 0.296449605
66 -2.231113926 0.033753838 4.004387549 -0.047890879 0.937182767 0.029276661 0.344293191
67 -2.349130971 0.022367905 3.935867880 -0.055757979 0.907488501 0.029075348 0.415343584
68 -2.496671048 0.014910787 3.856135157 -0.061883768 0.898079162 0.030041377 0.434421149
69 -2.610224120 0.010257567 3.792121083 -0.064473006 0.904358753 0.033562096 0.420537826
70 -2.665814926 -0.006556107 3.765337140 -0.062960614 0.931314568 0.040465112 0.356443138
71 -2.692579211 -0.020013500 3.742952664 -0.052572691 0.967554140 0.047275502 0.242569834
72 -2.736932856 -0.019976167 3.727639430 -0.037221991 0.980912482 0.050307905 0.184104160
73 -2.856651124 -0.025450189 3.635811232 -0.027849230 0.981554137 0.046396026 0.183366586
74 -2.990990475 -0.027378398 3.520220269 -0.023128379 0.979049623 0.040028429 0.198304411
75 -3.123027844 -0.047462276 3.391552732 -0.023199339 0.969247841 0.028395197 0.243339527
76 -3.209250038 -0.064813704 3.243302325 -0.028187506 0.954082312 0.022443042 0.297369663
77 -3.317435197 -0.070148863 3.121784238 -0.034759397 0.932429560 0.017853204 0.359232742
78 -3.385916110 -0.076735951 3.011294543 -0.043242692 0.899929741 0.014932739 0.433628349
79 -3.465704676 -0.086252993 2.886389925 -0.050062846 0.863905997 0.011269217 0.501032080
80 -3.525595172 -0.066461303 2.753831369 -0.056506698 0.824954584 0.008394765 0.562304593
81 -3.616404619 -0.049942801 2.637979686 -0.061578156 0.769906746 0.004030482 0.635165717
82 -3.735719110 -0.026593585 2.530934499 -0.065883306 0.715279439 -0.000764950 0.695725614
83 -3.843144367 -0.008769015 2.417125392 -0.066730503 0.697320453 -0.004187097 0.713634146
84 -3.926084785 -0.008856837 2.290927882 -0.064366790 0.696710408 -0.004779234 0.714442918
85 -3.990551606 -0.002976457 2.141122373 -0.064150540 0.692396973 -0.001644549 0.718657384
86 -4.079611333 0.010143396 2.013636528 -0.075342956 0.691467566 0.011866869 0.718369836
87 -4.139591662 0.011782578 1.889626579 -0.095089467 0.697679920 0.033626408 0.709274268
88 -4.188313131 0.021533061 1.764808909 -0.110205959 0.702158005 0.052215750 0.701500034
89 -4.198622334 0.015590958 1.656058857 -0.113269602 0.713244356 0.058115190 0.689256927
90 -4.210201398 0.010774688 1.567813895 -0.113505330 0.734845007 0.064898379 0.665513002
91 -4.197377543 0.014640057 1.470262776 -0.113678141 0.740867616 0.070803793 0.658163566
92 -4.174435904 0.021554069 1.351055407 -0.114892274 0.743504444 0.075646855 0.654429875
93 -4.140505672 0.012414661 1.240592628 -0.116491707 0.742617423 0.078691030 0.654795210
94 -4.130495847 0.004112426 1.130317713 -0.120204289 0.740953175 0.082571760 0.655531255
95 -4.144869298 -0.006490579 1.049540032 -0.122340971 0.709936519 0.082140281 0.688676848
96 -4.145243230 -0.000771045 0.978239219 -0.134413109 0.626641765 0.063513550 0.764996237
97 -4.132447562 0.002745579 0.894185035 -0.128839720 0.587756982 0.046217999 0.797374412
98 -4.120070001 0.004641096 0.791546084 -0.102150753 0.575523950 0.018958334 0.811158423
99 -4.088021821 0.013007750 0.701494711 -0.079856130 0.572406188 0.002030928 0.816069869
100 -4.049770716 0.015785364 0.618679521 -0.075448355 0.560451462 0.001559514 0.824741943
101 -4.005646719 0.030091275 0.540774348 -0.068790706 0.549695977 -0.000410533 0.832527479
102 -3.975254302 0.012021390 0.450160664 -0.066815221 0.528018793 0.000249144 0.846600153
103 -4.019892763 -0.021611540 0.319363575 -0.064230304 0.524041325 0.000403900 0.849267328
104 -4.094029341 -0.056791956 0.221191910 -0.063092887 0.520607899 0.000502831 0.851461361
105 -4.209495248 -0.077619531 0.141680286 -0.061424938 0.511806557 -0.000006444 0.856901993
106 -4.313536210 -0.091146092 0.044155505 -0.059916649 0.509606734 0.000068963 0.858318686
107 -4.410570031 -0.103198173 0.009780519 -0.059680163 0.546978364 0.001474161 0.835015433
108 -4.531187254 -0.106391666 -0.028226011 -0.060861012 0.596608815 0.005904560 0.800199347
109 -4.635607006 -0.117546809 -0.067391569 -0.060291090 0.648955532 0.011500640 0.758346516
110 -4.715814252 -0.128070003 -0.072864173 -0.059641125 0.699068650 0.016729732 0.712366531
111 -4.807342359 -0.138113600 -0.167875551 -0.054188669 0.704600702 0.017280746 0.707320871
112 -4.867394849 -0.134759324 -0.288949263 -0.037228819 0.699546176 0.003287572 0.713609386
113 -4.854590259 -0.137989791 -0.422571483 -0.031613581 0.670822608 -0.002591740 0.740939197
114 -4.815801071 -0.153885906 -0.563457183 -0.010956267 0.622706478 -0.021788694 0.782075352
115 -4.770404794 -0.146103266 -0.702258257 -0.007150020 0.574970003 -0.025635729 0.817741513
116 -4.711275235 -0.137714264 -0.845513926 -0.004450826 0.531529986 -0.027411478 0.846584122
117 -4.628305394 -0.140227873 -0.991469205 -0.001542159 0.505646889 -0.028165051 0.862279291
118 -4.542716491 -0.129997554 -1.116392177 -0.007297566 0.498753586 -0.024770262 0.866359071
119 -4.451488222 -0.127990260 -1.262482900 -0.022756190 0.495039644 -0.015315606 0.868437297
120 -4.328464484 -0.148898708 -1.372324355 -0.023082362 0.428621764 -0.015185007 0.903061462
121 -4.197313127 -0.162195255 -1.483371288 -0.021331052 0.350703477 -0.016664250 0.936095273
122 -4.077620455 -0.195486211 -1.616958822 -0.016231252 0.335939974 -0.017839568 0.941574548
123 -3.951484365 -0.220697767 -1.740608220 -0.014113389 0.336298557 -0.017636794 0.941484485
124 -3.816360758 -0.217639714 -1.893663269 -0.007686657 0.324304066 -0.018666595 0.945737462
125 -3.668730168 -0.221247686 -2.007505367 0.029690701 0.317361973 -0.029937798 0.947366649
126 -3.501006865 -0.223466040 -2.114041492 0.039507046 0.305238735 -0.031433740 0.950936606
127 -3.381545529 -0.209229463 -2.269215131 0.042056557 0.293277777 -0.030431456 0.954616844
128 -3.277482942 -0.201127906 -2.407012083 0.039098317 0.334443230 -0.028098204 0.941185178
129 -3.148214908 -0.194454645 -2.485421787 0.030092003 0.369941026 -0.027140560 0.928171050
130 -3.009837255 -0.196570928 -2.584340802 0.023294228 0.398407196 -0.026459823 0.916530940
131 -2.873791410 -0.203239481 -2.703848528 0.020082398 0.401380943 -0.026898261 0.915295865
132 -2.748691289 -0.196002204 -2.842466301 0.018524124 0.393459422 -0.026796414 0.918764656
133 -2.608829135 -0.205027394 -2.943838422 0.019670611 0.351877573 -0.027199960 0.935443960
134 -2.467735230 -0.205385583 -3.037374260 0.020534756 0.288394479 -0.025387314 0.956954770
135 -2.327796786 -0.206731375 -3.154457619 0.022669751 0.208141997 -0.022286228 0.977581872
136 -2.164252431 -0.217907757 -3.248764835 0.023688580 0.157225304 -0.018055721 0.987113492
137 -1.986128454 -0.206262767 -3.326779433 0.024617453 0.109628314 -0.014049817 0.993568426
138 -1.808608646 -0.204159568 -3.405984539 0.025132988 0.059234748 -0.010665124 0.997870649
139 -1.635559263 -0.196837102 -3.472580730 0.021978517 0.043709489 -0.007501573 0.998774325
140 -1.462465747 -0.190276885 -3.558062310 0.020135163 0.036821508 -0.005054437 0.999106203
141 -1.290366798 -0.191772298 -3.635392929 0.017693506 0.031742686 -0.003630442 0.999332858
142 -1.114279386 -0.183259323 -3.721221693 0.014750196 0.029081765 -0.002171886 0.999465840
143 -0.945128039 -0.189583787 -3.812745745 0.011652372 0.027563763 -0.001508469 0.999550992
144 -0.756146315 -0.188571968 -3.893603327 0.008376070 0.026452574 -0.001045294 0.999614431
145 -0.574660347 -0.169816775 -3.967222084 0.007026433 0.024361960 -0.000269940 0.999678474
146 -0.401178825 -0.159396360 -4.018721289 0.004699274 0.020548391 0.000264107 0.999777781
147 -0.230448534 -0.151308919 -4.085053990 0.000907142 0.015793362 0.000717213 0.999874608
148 -0.062043741 -0.143855507 -4.153856184 -0.004896330 -0.009427644 0.001361102 0.999942645
149 0.123463013 -0.136819944 -4.195193018 -0.011629725 -0.026037314 0.001847219 0.999591614
150 0.314625406 -0.134859848 -4.211483769 -0.017782801 -0.026223354 0.002221527 0.999495459
151 0.491581317 -0.130973603 -4.184415603 -0.021589650 -0.022119492 0.002691756 0.999518569
152 0.681146372 -0.130390936 -4.161953668 -0.025158069 -0.017697576 0.003354538 0.999521193
153 0.884722507 -0.126197548 -4.143951767 -0.027734553 -0.014878144 0.003682843 0.999497810
154 1.056509787 -0.116003597 -4.095948841 -0.031429215 -0.014978545 0.003856399 0.999386300
155 1.237907888 -0.108105996 -4.069715529 -0.037185472 -0.036373689 0.003700937 0.998639324
156 1.413223307 -0.116463967 -4.029238106 -0.039701628 -0.064742275 0.003140519 0.997106993
157 1.583471158 -0.110727210 -3.973282691 -0.041903312 -0.085242266 0.002067532 0.995476566
158 1.744302146 -0.111277983 -3.907291411 -0.040545798 -0.126928651 0.001359201 0.991081888
159 1.906627053 -0.114094160 -3.847343820 -0.040591868 -0.165996209 0.000093089 0.985290592
160 2.083029187 -0.110069290 -3.803583929 -0.038364159 -0.204187117 -0.000199334 0.978179826
161 2.240486861 -0.105637959 -3.740218646 -0.037231325 -0.230645538 -0.000353881 0.972325223
162 2.401933692 -0.099359437 -3.642980974 -0.037125131 -0.256732244 -0.000836021 0.965768906
163 2.558996449 -0.101783110 -3.529792640 -0.037868792 -0.262501898 -0.000970289 0.964187620
164 2.696190542 -0.095638663 -3.402361184 -0.041035973 -0.226948764 -0.000510791 0.973041647
165 2.832947395 -0.089876535 -3.279504301 -0.043240118 -0.206176617 0.000856727 0.977558572
166 2.951370393 -0.084921242 -3.150989875 -0.043647746 -0.201128192 0.001758944 0.978590431
167 3.076257014 -0.079588191 -3.039099990 -0.043279964 -0.198337808 0.002296901 0.979175001
168 3.174327679 -0.082589682 -2.946646686 -0.036394009 -0.248043610 0.003675308 0.968058023
169 3.276575462 -0.070057222 -2.844124054 -0.030084123 -0.309375339 0.003554093 0.950457371
170 3.379782328 -0.092560119 -2.701973284 -0.024736260 -0.368793891 0.003888837 0.929173859
171 3.465320231 -0.092731178 -2.551994024 -0.018974317 -0.412463454 0.004785290 0.910763951
172 3.565547541 -0.079307625 -2.428516282 -0.012150941 -0.465168614 0.006877133 0.885111982
173 3.640468049 -0.068213557 -2.277163186 -0.006148554 -0.520513070 0.009330529 0.853780581
174 3.693509867 -0.059193444 -2.123591257 -0.002191892 -0.577779617 0.010884471 0.816117295
175 3.760200566 -0.040229527 -1.956160821 -0.000577738 -0.604115987 0.012822425 0.796793025
176 3.821460855 -0.027821486 -1.797832308 -0.001310657 -0.620234368 0.014231169 0.784286354
177 3.902337705 -0.005896593 -1.636914558 -0.001428259 -0.630329933 0.016138039 0.776158295
178 3.970525851 -0.006726046 -1.471138731 -0.000831472 -0.633905828 0.018343408 0.773192233
179 3.996399116 0.005307849 -1.297367053 -0.000935432 -0.642892186 0.019623732 0.765704690
180 4.005342248 0.007295633 -1.138636091 -0.000138047 -0.669792903 0.020154330 0.742274377
181 3.983395614 0.013278603 -0.976627785 0.001868104 -0.706724124 0.021530760 0.707159069
182 3.984427097 0.030260847 -0.795191639 -0.002955041 0.713503383 -0.024225267 -0.700226625
183 3.963129282 0.043131493 -0.633443421 -0.002695158 0.711623113 -0.025769033 -0.702083498
184 3.945940330 0.051474069 -0.497903319 -0.001542760 0.708435626 -0.026158230 -0.705288828
185 3.886366417 0.059333730 -0.352674120 0.000669792 -0.705843434 0.026685547 0.707864733
186 3.780587045 0.077352697 -0.239537363 -0.002668385 -0.706736111 0.024320048 0.707054089
187 3.651878025 0.081125044 -0.128436549 0.006078659 0.709443422 -0.021019978 -0.704422630
188 3.516189848 0.082961440 -0.035767963 0.009793059 0.710587902 -0.017393893 -0.703325232
189 3.386349824 0.099379253 0.059717091 0.011941745 0.710986605 -0.015698538 -0.702928871
190 3.265876202 0.097638257 0.093046670 0.010365275 0.718511517 -0.016399619 -0.695244427
191 3.129203312 0.086937759 0.117805468 0.008836006 0.734620292 -0.017261552 -0.678201290
192 3.003331596 0.076081722 0.128207183 0.008028074 0.743280593 -0.016458647 -0.668729111
193 2.885427206 0.058474679 0.188378140 0.009326005 0.744304949 -0.015869432 -0.667586197
194 2.781408879 0.072765321 0.244947716 0.010278164 0.744417817 -0.016244867 -0.667437321
195 2.670453286 0.109940474 0.332254406 0.012008072 0.743118460 -0.016237742 -0.668855064
196 2.593262809 0.155130448 0.424235580 0.000807567 0.720417279 -0.031053568 -0.692844836
197 2.482008890 0.218432001 0.498306316 0.003391048 -0.688738762 0.038077902 0.724001030
198 2.358932075 0.299721072 0.553318803 -0.035619318 -0.660164189 0.002238773 0.750272947
199 2.249242819 0.304293263 0.565847036 -0.055514553 -0.628915403 -0.015118037 0.775341857
200 2.158149659 0.286927796 0.632609575 -0.060284837 -0.607229739 -0.015228517 0.792089562
201 2.044454491 0.268860361 0.706990383 -0.060919846 -0.602680817 -0.014050350 0.795529504
202 1.973340775 0.243830731 0.777829415 -0.061445077 -0.587204808 -0.013111465 0.806996348
203 1.940164612 0.186028824 0.865348750 -0.046684946 -0.584103898 -0.001007551 0.810334584
204 1.920482903 0.164703279 0.952794876 -0.003994868 -0.584407507 0.030969265 0.810859304
205 1.890482750 0.145018632 1.046351864 0.016006730 -0.595151927 0.046279724 0.802119789
206 1.878695434 0.133926210 1.168248232 0.022002642 -0.676972544 0.049601055 0.734005309
207 1.852343389 0.128837036 1.244132606 -0.023050936 0.746778484 -0.049742771 -0.662809330
208 1.821847950 0.133443146 1.309690022 -0.028656080 0.835891534 -0.053530722 -0.545526017
209 1.768574659 0.125102348 1.342418749 -0.032952633 0.906615216 -0.054229363 -0.417159622
210 1.733640905 0.129828059 1.376040070 -0.037942892 0.958048625 -0.058822360 -0.277926426
211 1.661131800 0.112589408 1.393738146 -0.038777883 0.985740433 -0.059041295 -0.152729171
212 1.606454820 0.071436817 1.416144555 -0.037128535 0.994365179 -0.062504214 -0.077153004
213 1.529169975 0.022058403 1.404857858 -0.032148180 0.995369851 -0.063330871 -0.064765384
214 1.459933606 0.026943244 1.440437307 -0.026789416 0.993223219 -0.063452675 -0.093614754
215 1.349817409 0.045970394 1.483038873 -0.022489816 0.990259911 -0.062306692 -0.122463846
216 1.316135417 0.071955761 1.569258582 -0.020191638 0.984829586 -0.062749625 -0.160516260
217 1.256508834 0.078150443 1.637520771 -0.015315416 0.964635748 -0.063958082 -0.255250221
218 1.237166155 0.067714499 1.651484701 -0.011322228 0.924017459 -0.063755699 -0.376827219
219 1.189821394 0.058850884 1.714011986 -0.008306789 0.870135934 -0.060394473 -0.489026544
220 1.170544477 0.064394548 1.721973178 -0.012973035 0.806943176 -0.063283550 -0.587085687
221 1.164216383 0.069774867 1.733378640 -0.013757723 0.718782696 -0.058848231 -0.692603095
222 1.121293463 0.084077328 1.791706960 0.015783512 -0.654886885 0.056104429 0.753476172
223 1.080707613 0.094545323 1.843400606 0.018943097 -0.614117009 0.052188355 0.787259699
224 1.041441969 0.114968898 1.951333393 0.022822164 -0.610204614 0.051721698 0.790224237
225 0.989168003 0.136789194 2.083013788 0.025485857 -0.613265156 0.053709495 0.787636725
226 0.931326647 0.166922829 2.219081625 0.027099378 -0.642623024 0.055289082 0.763704387
227 0.854354126 0.182329627 2.337493283 0.025986274 -0.657765148 0.056222125 0.750672230
228 0.746982829 0.189550966 2.447868796 0.024930411 -0.698657877 0.056135438 0.712814463
229 0.673322335 0.195785516 2.535565637 -0.031002326 0.774168739 -0.063355004 -0.629037171
230 0.709428024 0.212993619 2.627321434 -0.031733190 0.833933873 -0.063449111 -0.547285584
231 0.742339066 0.221438563 2.767491587 -0.028181516 0.899013574 -0.053801623 -0.433688575
232 0.734532468 0.229114809 2.877498992 -0.022488991 0.946123041 -0.036040610 -0.321008583
233 0.706733500 0.233604674 2.953664151 -0.024869494 0.982942388 -0.021446801 -0.180958019
234 0.576522686 0.232979530 2.942622494 -0.028979189 0.994680680 -0.016010741 -0.097540797
235 0.438239557 0.225850080 2.890773577 -0.029074724 0.997489207 -0.012741708 -0.063305545
236 0.299175366 0.220975657 2.852372872 -0.031836934 0.999354510 -0.012352893 0.011152577
237 0.176229800 0.186602553 2.849266850 -0.032028082 0.998296339 -0.030066702 0.038400719
238 0.059996768 0.148287702 2.837399024 -0.028588876 0.996644353 -0.063664884 0.042772564
239 -0.076626894 0.131099215 2.864602756 -0.023661044 0.992950427 -0.106137041 0.047164963
240 -0.182413484 0.131164972 2.910527141 -0.020076413 0.991977002 -0.116547942 0.044667021
241 -0.233306391 0.126814961 3.001206460 -0.018353182 0.991886133 -0.121807544 0.031432196
242 -0.333618803 0.125486977 3.115195804 -0.014594383 0.992208948 -0.122074873 -0.020152747
243 -0.433964695 0.131418328 3.236814136 -0.015261249 0.992097610 -0.120899239 -0.029879761
244 -0.562784750 0.100825288 3.294997062 -0.014947868 0.992560829 -0.116866192 -0.030689651
245 -0.698928094 0.088895058 3.392755628 -0.013725826 0.993895563 -0.105200842 -0.030265396
246 -0.792525230 0.108452378 3.486298592 -0.012325916 0.996567744 -0.075615605 -0.031354155
247 -0.833563418 0.150741576 3.544561625 -0.006607554 0.990141872 -0.067025506 -0.122812844
248 -0.838819047 0.198381824 3.547077332 -0.006096596 0.983990547 -0.060970146 -0.167356134
249 -0.879960672 0.234595846 3.548983428 -0.005729315 0.986193032 -0.043439851 -0.159698022
250 -0.922351010 0.257870324 3.541203400 0.008723634 0.985227475 0.059395471 -0.160383599
251 -0.993720776 0.256026858 3.519956686 0.021480918 0.975440484 0.149728549 -0.160111814
252 -1.065417635 0.232810203 3.474681721 0.020636898 0.974802060 0.153548054 -0.160493172
253 -1.171501347 0.209666708 3.446434576 0.015086743 0.983760945 0.125909051 -0.127018516
254 -1.278040817 0.155928146 3.370446859 0.004393276 0.989648902 0.107213857 -0.095293955
255 -1.425986751 0.107812405 3.342226104 -0.007666368 0.995523441 0.039566909 -0.085491317
256 -1.550788395 0.086570020 3.295512342 -0.015278125 0.997880066 -0.031837147 -0.054665801
257 -1.686176892 0.086577430 3.227120405 -0.018044845 0.998489643 -0.050813568 -0.010526094
258 -1.819839175 0.077653383 3.116116525 -0.017796541 0.998359146 -0.053435988 0.010338913
259 -1.950634704 0.073503422 2.989759216 -0.016858308 0.998104337 -0.055885586 0.019502103
260 -2.075386230 0.074505813 2.866376668 -0.015853602 0.996810982 -0.059687213 0.050536775
261 -2.176844063 0.068933330 2.768473201 -0.017316714 0.991977190 -0.063078394 0.108178103
262 -2.321349587 0.060540785 2.671537236 -0.016340524 0.988953171 -0.064442017 0.132483352
263 -2.439385112 0.048673530 2.586819123 -0.013731501 0.988586305 -0.067298028 0.134087805
264 -2.540198142 0.023039758 2.561615542 -0.013969469 0.983756559 -0.070315143 0.164571160
265 -2.648219229 0.008850525 2.513352973 -0.014965648 0.974906475 -0.068630458 0.211242171
266 -2.742464184 -0.037599893 2.472829421 -0.014995226 0.972996103 -0.062935906 0.221568947
267 -2.813999323 -0.035085262 2.474750395 -0.026674108 0.968553921 -0.018818308 0.246652926
268 -2.874487222 -0.033777924 2.436238690 -0.037178155 0.948129658 0.006395866 0.315637498
269 -2.928037820 -0.042116883 2.389312684 -0.053645806 0.910620890 0.024339425 0.409022388
270 -2.967189125 -0.038016950 2.305742581 -0.065448133 0.871256683 0.026449284 0.485724995
271 -3.012906521 -0.034443430 2.221999709 -0.072551668 0.834934588 0.022747986 0.545071572
272 -3.056101206 -0.038659023 2.135004311 -0.077439769 0.792607348 0.017043074 0.604554553
273 -3.057421886 -0.030244220 2.028305552 -0.081733108 0.755465323 0.014046617 0.649918870
274 -3.067922265 -0.023481118 1.915527635 -0.085337159 0.734785537 0.012408980 0.672795512
275 -3.109389685 -0.017351332 1.800118462 -0.086150742 0.725065983 0.013538854 0.683135470
276 -3.167921651 -0.006869072 1.683180952 -0.086083316 0.702066161 0.015467243 0.706720265
277 -3.225310980 0.023294436 1.587498413 -0.076089237 0.680250827 0.006121073 0.728993671
278 -3.254940219 0.038623354 1.482586730 -0.055628753 0.641232520 -0.011199447 0.765245627
279 -3.335199075 0.029888091 1.392009915 -0.051785465 0.629368622 -0.013691658 0.775258629
280 -3.404413288 0.032632188 1.294226555 -0.047901440 0.621494101 -0.014279474 0.781822634
281 -3.443072611 0.029363930 1.172824905 -0.046510022 0.620060366 -0.012150365 0.783080027
282 -3.488714115 0.023093445 1.071569526 -0.045074513 0.617960307 -0.010026335 0.784852101
283 -3.517168653 0.014971464 0.959822638 -0.044426056 0.615025362 -0.007873089 0.787215437
284 -3.556802878 0.003666197 0.870661172 -0.045593088 0.624032007 -0.004933710 0.780051911
285 -3.594828587 -0.005562913 0.806336033 -0.045736451 0.641223622 -0.001912158 0.765987459
286 -3.593449573 0.011186947 0.796299079 -0.056091984 0.658065782 0.007486873 0.750830915
287 -3.571144595 0.015910896 0.802646757 -0.082022757 0.713390081 0.034026208 0.695118031
288 -3.562751298 0.039998979 0.816645413 -0.103816470 0.734525509 0.065182307 0.667417174
289 -3.559993221 0.026489180 0.794268973 -0.138223677 0.732401406 0.106355808 0.658157153
290 -3.525713472 -0.003897886 0.731252623 -0.137651618 0.734893662 0.107308810 0.655338200
291 -3.487419196 -0.028961148 0.653112148 -0.132828317 0.738348236 0.103011975 0.653136321
292 -3.489934541 -0.056677298 0.562217494 -0.101626211 0.750477732 0.069274209 0.649350730
293 -3.456888655 -0.076243934 0.485749731 -0.067702783 0.773068226 0.033664237 0.629800420
294 -3.447141683 -0.091811890 0.390608553 -0.026145469 0.778930922 -0.011984641 0.626449839
295 -3.409237788 -0.099823660 0.275018423 0.003461050 0.776824520 -0.045276662 0.628077790
296 -3.357575921 -0.083310528 0.138594692 0.009930982 0.764892877 -0.051027765 0.642056407
297 -3.256013664 -0.072785587 0.013402792 0.013259077 0.735963081 -0.054770620 0.674672305
298 -3.163347569 -0.069938142 -0.111095940 0.015013072 0.720216595 -0.055725229 0.691344605
299 -3.080045458 -0.067130900 -0.253457492 0.017855274 0.700344736 -0.056567015 0.711335794
300 -2.978975782 -0.064080220 -0.380385341 0.018703713 0.684296204 -0.056318488 0.726785459
301 -2.884386491 -0.058436365 -0.505797056 0.019425179 0.665398279 -0.055554966 0.744164927
302 -2.807203086 -0.058861139 -0.624146147 0.022498797 0.610297515 -0.056016445 0.789868917
303 -2.756834199 -0.063514168 -0.785447534 0.023158142 0.569995607 -0.054037522 0.819541735
304 -2.695204464 -0.074223240 -0.928400326 0.027508919 0.506940580 -0.052547941 0.859937917
305 -2.640474511 -0.082377994 -1.049518315 0.030076217 0.456037223 -0.049772517 0.888058652
306 -2.585707454 -0.091659711 -1.168803655 0.037440282 0.389320690 -0.047342348 0.919122586
307 -2.497017869 -0.090341799 -1.278778970 0.052028679 0.315968798 -0.046824609 0.946184016
308 -2.415966533 -0.094633056 -1.409116352 0.060069649 0.239206571 -0.041755770 0.968208815
309 -2.321859640 -0.089139792 -1.476418160 0.064171225 0.202534473 -0.034407708 0.976564361
310 -2.225220010 -0.085081244 -1.560021323 0.066270181 0.123748202 -0.027402811 0.989719017
311 -2.085666054 -0.081001493 -1.607158995 0.063823624 0.093260483 -0.019155557 0.993409328
312 -1.935617253 -0.081753771 -1.671089905 0.051690648 0.066010012 -0.011808082 0.996409215
313 -1.794828043 -0.082492481 -1.743554787 0.041140674 0.045426748 -0.007441847 0.998092418
314 -1.650109804 -0.081668102 -1.816368466 0.031767150 0.042032805 -0.004730810 0.998599875
315 -1.533871841 -0.092784021 -1.900706712 0.015983829 0.039976599 -0.003197138 0.999067649
316 -1.491502455 -0.086292970 -1.934513112 0.008039868 0.091075427 -0.004434099 0.995801670
317 -1.461157866 -0.081919107 -1.949963070 0.000602455 0.179861775 -0.005389674 0.983676944
318 -1.422047797 -0.083767746 -1.980675129 -0.008781545 0.292147635 -0.005220630 0.956318665
319 -1.325038551 -0.083369331 -2.018609706 -0.015457341 0.358805683 -0.004245317 0.933274627
320 -1.198747092 -0.118030153 -2.106715075 -0.018522659 0.386275091 -0.004089087 0.922188563
321 -1.063130995 -0.122614370 -2.150979016 -0.018962271 0.388580934 -0.004470124 0.921208613
322 -0.940632533 -0.112285926 -2.216835100 -0.016429253 0.344365951 -0.005017244 0.938678325
323 -0.810110270 -0.111467565 -2.266844247 -0.017090017 0.291282935 -0.005115319 0.956470604
324 -0.687336359 -0.103233726 -2.336716248 -0.018790247 0.246306816 -0.004072115 0.969001185
325 -0.541530903 -0.113795051 -2.346393683 -0.020091580 0.185285233 -0.003656288 0.982472566
326 -0.422417079 -0.155492209 -2.344351087 -0.018276807 0.102962089 -0.004056695 0.994509080
327 -0.311434852 -0.155089511 -2.336350260 -0.002022996 -0.049861605 -0.004754883 0.998742769
328 -0.205144793 -0.159378343 -2.321066572 0.002119956 -0.129409945 -0.003097182 0.991584076
329 -0.113018011 -0.201377004 -2.270242033 0.004340703 -0.188089168 -0.001062631 0.982141789
330 -0.001039354 -0.200140800 -2.169387374 0.004692105 -0.196654242 0.002466226 0.980458572
331 0.153397179 -0.186452637 -2.122269237 0.005464653 -0.167254743 0.006037598 0.985880082
332 0.279430762 -0.181963951 -2.086246230 0.005970646 -0.112432592 0.007563463 0.993612630
333 0.411281013 -0.168995308 -2.101139533 0.005433102 -0.064124210 0.007710180 0.997897350
334 0.531654483 -0.165828355 -2.085169312 0.006344900 -0.052886388 0.007715734 0.998550569
335 0.634923088 -0.187658472 -2.133474106 -0.008803741 -0.050828237 0.006925926 0.998644589
336 0.766789011 -0.188939965 -2.189004388 -0.016502015 -0.059753700 0.006260800 0.998057103
337 0.870117008 -0.174607270 -2.224771758 -0.020706758 -0.080274430 0.005624195 0.996541828
338 0.971262767 -0.168917518 -2.305659671 -0.025667356 -0.089316388 0.005007551 0.995659929
339 1.096466495 -0.158775313 -2.353739758 -0.032792949 -0.090174559 0.005154828 0.995372593
340 1.236261866 -0.150211554 -2.411179436 -0.047466143 -0.088644482 0.004187798 0.994922903
341 1.372916733 -0.138775874 -2.405870977 -0.054007173 -0.088406524 0.004101997 0.994610821
342 1.514851513 -0.130453593 -2.399575467 -0.059221053 -0.090028933 0.004142590 0.994168244
343 1.670976680 -0.133590465 -2.362505049 -0.061740948 -0.092034560 0.004242654 0.993830818
344 1.830682537 -0.121254045 -2.297233966 -0.062411007 -0.098173721 0.004307253 0.993201004
345 1.970574875 -0.108967921 -2.221168267 -0.058386887 -0.143006388 0.003769040 0.987990860
346 2.092771547 -0.101188595 -2.130084517 -0.053693743 -0.190712929 0.002247826 0.980173713
347 2.227608562 -0.084587992 -2.028199708 -0.048670580 -0.241719400 0.000397098 0.969124733
348 2.334462777 -0.080367343 -1.922770662 -0.043215099 -0.285391449 -0.000865976 0.957435860
349 2.434662430 -0.071635543 -1.831209208 -0.039903219 -0.325241460 -0.002332675 0.944785840
350 2.554954137 -0.069553379 -1.735535678 -0.031686058 -0.389372112 -0.001598927 0.920533973
351 2.674034095 -0.056660934 -1.635230482 -0.025570247 -0.440735678 -0.001198551 0.897271858
352 2.785383599 -0.050732804 -1.527764017 -0.020485427 -0.482574873 -0.000039170 0.875615120
353 2.827565540 -0.050301364 -1.388007793 -0.016166511 -0.525418604 0.001462063 0.850689013
354 2.841812119 -0.036776678 -1.261180658 -0.012394124 -0.570092283 0.003036540 0.821481561
355 2.795691488 -0.004763360 -1.155134586 -0.008180343 -0.613441290 0.005136799 0.789681252
356 2.743418254 0.041962356 -1.051386128 0.001117625 -0.669585377 0.011547090 0.742644490
357 2.707472307 0.067842817 -0.960466964 -0.009774547 0.741876319 -0.017030391 -0.670249171
358 2.672135523 0.057068901 -0.863888637 -0.019228112 0.781430593 -0.028190088 -0.623058446
359 2.731451501 0.047364930 -0.754276173 -0.040861631 0.780599887 -0.059280469 -0.620870332
360 2.780391121 0.056445430 -0.672977114 -0.047682252 0.778639968 -0.072452560 -0.621447367
361 2.860163505 0.049272135 -0.599165912 -0.046874055 0.778332465 -0.075147688 -0.621573988
362 2.943849598 0.066804693 -0.527633707 -0.030295696 0.778185127 -0.056836052 -0.624723732
363 3.021662268 0.062248603 -0.529930865 -0.007621670 0.769924654 -0.029898947 -0.637388414
364 3.097445263 0.063820177 -0.552582214 0.010930584 0.711597021 -0.014813144 -0.702346619
365 3.185504106 0.053581895 -0.614206886 -0.021227188 -0.670862140 0.008349485 0.741231194
366 3.290100469 0.055055615 -0.701722403 -0.027375300 -0.637708393 0.005976954 0.769768065
367 3.374916340 0.052278156 -0.814700195 -0.033239391 -0.600543272 0.003008487 0.798895407
368 3.457904150 0.045460209 -0.951797142 -0.039913019 -0.556982977 0.001246562 0.829563355
369 3.531732683 0.045927530 -1.088465088 -0.047493564 -0.498143244 -0.000384064 0.865793002
370 3.556727559 0.038313574 -1.230851667 -0.053283874 -0.465796489 -0.001223054 0.883285324
371 3.576158111 0.022140470 -1.393010443 -0.052419587 -0.464280058 0.000104655 0.884135851
372 3.609082178 0.021966654 -1.541066474 -0.050497972 -0.464973859 0.000672951 0.883882805
373 3.617843718 0.007253536 -1.694597096 -0.049448722 -0.463807764 0.000350052 0.884554724
374 3.561943553 -0.000287523 -1.833899050 -0.046669017 -0.455309602 0.001074911 0.889108550
375 3.489144075 -0.014699260 -1.978457454 -0.046103027 -0.410785036 0.001104589 0.910565179
376 3.410460425 -0.017681871 -2.152170786 -0.045370793 -0.374974899 0.003160507 0.925918640
377 3.355074556 -0.023414720 -2.323819358 -0.043847002 -0.355110626 0.004995466 0.933782056
378 3.313047440 -0.057992241 -2.476589819 -0.042412495 -0.349372257 0.005890526 0.936005079
379 3.295480423 -0.072218620 -2.612041357 -0.041924237 -0.335858814 0.006380324 0.940957229
380 3.212685744 -0.068748027 -2.757503409 -0.046290932 -0.265527924 0.005316400 0.962976535
381 3.119026650 -0.082994551 -2.878405661 -0.047475153 -0.252265304 0.005355529 0.966477959
382 3.032922707 -0.113262668 -2.988474963 -0.044122762 -0.244205618 0.006119208 0.968699826
383 2.924303035 -0.110158479 -3.090713122 -0.040780447 -0.192337154 0.006534442 0.980459421
384 2.841427918 -0.098652516 -3.188893136 -0.041189903 -0.135247077 0.006971567 0.989930814
385 2.730688743 -0.093500622 -3.232913779 -0.044108419 -0.086197258 0.006857241 0.995277578
386 2.574996377 -0.105099561 -3.258587493 -0.041484721 -0.062509621 0.006229486 0.997162353
387 2.409123338 -0.108799207 -3.303727587 -0.039658641 -0.028575292 0.005051704 0.998791833
388 2.236363071 -0.114048543 -3.373334255 -0.037367556 -0.015490954 0.004358175 0.999172008
389 2.060602287 -0.120684815 -3.424098148 -0.033291977 -0.011302490 0.003743795 0.999374746
390 1.882217488 -0.122612525 -3.466056203 -0.030554570 -0.008694093 0.003019334 0.999490728
391 1.716199857 -0.129182090 -3.521105766 -0.026505504 -0.008534451 0.002215903 0.999609779
392 1.548097817 -0.136312453 -3.573656389 -0.023334289 -0.009530637 0.001824225 0.999680624
393 1.373269513 -0.127682575 -3.653957215 -0.020558928 -0.009405645 0.001527879 0.999743232
394 1.211097356 -0.134973776 -3.712789502 -0.018681174 -0.011495009 0.001137883 0.999758763
395 1.074713904 -0.143490244 -3.772176674 -0.018347354 -0.026356529 0.001270648 0.999483413
396 0.945079866 -0.146788519 -3.824833695 -0.017833915 -0.030557632 0.000958025 0.999373436
397 0.807012809 -0.151810959 -3.844999281 -0.017531119 -0.031785006 0.001375917 0.999340022
398 0.660520240 -0.153320025 -3.872247098 -0.016718600 -0.033144556 0.001111865 0.999310107
399 0.561072395 -0.142448934 -3.866268277 -0.016879539 -0.033891271 0.001454537 0.999281916
400 0.485887417 -0.115154238 -3.816857198 -0.019333028 -0.022914514 0.001662286 0.999549096
401 0.458772967 -0.097445059 -3.793899194 -0.017493258 -0.015142571 0.002307981 0.999729644
402 0.412876335 -0.083093455 -3.774213050 -0.014582158 -0.004916947 0.002739529 0.999877832
403 0.390437244 -0.085779292 -3.717721592 -0.010633076 -0.000870522 0.002804695 0.999939155
404 0.347784985 -0.086814797 -3.699248653 -0.001110817 -0.002393365 0.002762117 0.999992704
405 0.340258244 -0.082166569 -3.692908035 0.005545409 -0.018675987 0.002961415 0.999805824
406 0.342900539 -0.076943041 -3.683440720 0.009042603 -0.033075727 0.003342495 0.999406351
407 0.350829250 -0.073702691 -3.675813155 0.009879531 -0.032514680 0.003395933 0.999416659
408 0.350455097 -0.073057146 -3.680927555 0.009306556 -0.029448879 0.002981692 0.999518515
409 0.351992490 -0.070906723 -3.680620832 0.007376740 -0.027302588 0.002805218 0.999596060
410 0.350161348 -0.070923369 -3.679731248 0.005030061 -0.026838008 0.002124920 0.999624882
